12
1
2
2 1 19 8 0 -1
2 3 19 4 0 2
haar_y4
3.987144e-002 0 -1
-6.538627e-001 6.232453e-001 
1
2
16 0 8 2 0 -1
16 0 4 2 0 2
haar_x2
8.527491e-003 0 -1
-5.420337e-001 5.960420e-001 
1
2
0 0 8 2 0 -1
4 0 4 2 0 2
haar_x2
5.445763e-003 0 -1
-6.412418e-001 5.957341e-001 
1
3
7 18 14 6 0 -1
14 18 7 3 0 2
7 21 7 3 0 2
haar_x2_y2
1.576262e-004 0 -1
-4.689767e-001 9.236859e-002 
1
3
3 18 16 6 0 -1
3 18 8 3 0 2
11 21 8 3 0 2
haar_x2_y2
2.484860e-003 0 -1
-8.017162e-001 5.811947e-001 
1
2
20 8 4 1 0 -1
21 9 2 1 0 2
tilted_haar_y4
1.774529e-005 0 -1
-6.316808e-001 1.997993e-001 
1
2
3 13 5 8 0 -1
3 17 5 4 0 2
haar_y2
-8.488982e-004 0 -1
3.775817e-001 -9.217602e-001 
1
2
17 4 7 4 0 -1
16 5 7 2 0 2
tilted_haar_x4
-6.617952e-003 0 -1
2.308783e-001 -4.239520e-001 
1
2
1 0 2 5 0 -1
2 0 1 5 0 2
haar_x2
4.057422e-005 0 -1
-6.634567e-001 4.909506e-001 
1
3
16 8 8 4 0 -1
20 8 4 2 0 2
16 10 4 2 0 2
haar_x2_y2
-8.044219e-004 0 -1
2.430887e-001 -4.956934e-001 
1
2
5 8 3 4 0 -1
5 10 3 2 0 2
haar_y2
3.312468e-005 0 -1
-8.082960e-001 4.357749e-001 
1
3
19 6 4 16 0 -1
21 6 2 8 0 2
19 14 2 8 0 2
haar_x2_y2
3.132040e-003 0 -1
-5.721487e-001 3.577908e-001 
-1.756835e+000

4
-1
