16
1
2
2 13 2 2 0 -1
3 13 1 2 0 2
haar_x2
2.059133e-004 0 -1
-5.714302e-001 4.444443e-001 
1
2
22 0 2 9 0 -1
22 0 1 9 0 2
haar_x2
1.946217e-003 0 -1
-6.405863e-001 4.945213e-001 
1
2
5 1 11 10 0 -1
5 6 11 5 0 2
haar_y2
-6.734409e-002 0 -1
3.426824e-001 -7.719775e-001 
1
2
17 20 5 2 0 -1
17 21 5 1 0 2
haar_y2
-2.376747e-005 0 -1
3.789628e-001 -5.249649e-001 
1
2
10 6 7 6 0 -1
8 8 7 2 0 3
tilted_haar_y3
-2.295831e-003 0 -1
5.452431e-001 -3.892336e-001 
1
2
6 9 15 3 0 -1
6 10 15 1 0 3
haar_y3
1.227217e-003 0 -1
-5.356431e-001 3.884139e-001 
1
2
4 3 5 2 0 -1
4 4 5 1 0 2
haar_y2
3.033634e-005 0 -1
-4.906664e-001 4.426209e-001 
1
2
18 20 1 4 0 -1
18 22 1 2 0 2
haar_y2
-7.369990e-005 0 -1
2.306279e-001 -4.127156e-001 
1
2
5 21 1 2 0 -1
5 22 1 1 0 2
haar_y2
-1.667453e-005 0 -1
4.262576e-001 -5.566249e-001 
1
2
5 18 15 3 0 -1
5 19 15 1 0 3
haar_y3
7.729769e-003 0 -1
-3.025868e-001 6.487681e-001 
1
2
3 6 2 16 0 -1
3 10 2 8 0 2
haar_y4
2.736883e-003 0 -1
-8.996521e-001 2.336048e-001 
1
3
13 5 8 10 0 -1
17 5 4 5 0 2
13 10 4 5 0 2
haar_x2_y2
4.831462e-003 0 -1
-4.038917e-001 1.904842e-001 
1
2
4 0 9 4 0 -1
3 1 9 2 0 2
tilted_haar_y4
-1.183069e-004 0 -1
4.219875e-001 -6.815025e-001 
1
2
23 3 1 6 0 -1
21 5 1 2 0 3
tilted_haar_x3
4.221043e-003 0 -1
-2.244660e-001 3.202561e-001 
1
2
0 1 6 9 0 -1
2 4 2 3 0 9
haar_point
4.291038e-003 0 -1
-6.565562e-001 4.359881e-001 
1
3
1 2 22 8 0 -1
12 2 11 4 0 2
1 6 11 4 0 2
haar_x2_y2
1.720300e-003 0 -1
-6.549274e-001 5.384514e-001 
-1.178434e+000

12
-1
