7
1
2
3 2 18 8 0 -1
3 6 18 4 0 2
haar_y2
-1.146154e-001 0 -1
6.574004e-001 -5.984932e-001 
1
2
2 21 20 3 0 -1
7 21 10 3 0 2
haar_x4
3.081213e-002 0 -1
-5.262633e-001 6.416183e-001 
1
2
10 0 3 6 0 -1
11 0 1 6 0 3
haar_x3
-1.820675e-003 0 -1
-8.803061e-001 2.713418e-001 
1
2
1 1 23 8 0 -1
1 3 23 4 0 2
haar_y4
5.138496e-002 0 -1
-5.155792e-001 4.915037e-001 
1
2
2 11 2 2 0 -1
2 11 2 1 0 2
tilted_haar_y2
3.940285e-004 0 -1
-6.823072e-001 3.735422e-001 
1
2
3 9 18 3 0 -1
3 10 18 1 0 3
haar_y3
1.267100e-003 0 -1
-6.433304e-001 2.949520e-001 
1
2
8 0 5 8 0 -1
8 0 5 4 0 2
tilted_haar_y2
5.270682e-002 0 -1
-5.322792e-001 5.815175e-001 
-1.281545e+000

5
-1
