19
1
2
0 0 2 8 0 -1
1 0 1 8 0 2
haar_x2
2.908684e-003 0 -1
-5.502895e-001 4.922092e-001 
1
2
16 3 6 15 0 -1
18 5 2 15 0 3
tilted_haar_y3
-1.980068e-002 0 -1
5.155783e-001 -4.271646e-001 
1
2
6 7 10 3 0 -1
11 7 5 3 0 2
haar_x2
1.744362e-002 0 -1
-3.381029e-001 7.520124e-001 
1
2
18 14 4 2 0 -1
18 15 4 1 0 2
haar_y2
-5.848370e-005 0 -1
2.196973e-001 -5.742948e-001 
1
2
5 21 6 3 0 -1
8 21 3 3 0 2
haar_x2
2.256126e-003 0 -1
-5.831294e-001 3.985876e-001 
1
2
2 0 22 9 0 -1
2 3 22 3 0 3
haar_y3
3.064479e-002 0 -1
-8.394552e-001 2.076595e-001 
1
2
5 18 14 4 0 -1
5 20 14 2 0 2
haar_y2
1.472265e-004 0 -1
-7.090237e-001 2.813022e-001 
1
2
19 0 2 2 0 -1
19 0 1 2 0 2
haar_x2
2.536772e-005 0 -1
-6.308802e-001 2.420099e-001 
1
2
2 14 8 4 0 -1
2 16 8 2 0 2
haar_y2
-1.515837e-003 0 -1
4.744852e-001 -7.566876e-001 
1
2
9 15 7 3 0 -1
9 16 7 1 0 3
haar_y3
1.017059e-003 0 -1
-5.165480e-001 4.368488e-001 
1
2
0 1 24 6 0 -1
6 1 12 6 0 2
haar_x4
3.353832e-002 0 -1
-7.898161e-001 3.729835e-001 
1
2
11 9 11 6 0 -1
11 11 11 2 0 3
haar_y3
7.373269e-003 0 -1
-8.197158e-001 2.590951e-001 
1
2
2 7 2 16 0 -1
2 11 2 8 0 2
haar_y4
9.627379e-004 0 -1
-9.500405e-001 2.691163e-001 
1
2
15 18 6 3 0 -1
17 19 2 1 0 9
haar_point
-3.304649e-005 0 -1
8.219789e-002 -7.020013e-001 
1
2
0 13 24 8 0 -1
0 17 24 4 0 2
haar_y2
-3.895083e-003 0 -1
5.006666e-001 -8.923923e-001 
1
2
17 4 3 3 0 -1
18 5 1 1 0 9
haar_point
4.781346e-004 0 -1
-5.661653e-001 2.887175e-001 
1
2
1 17 1 2 0 -1
1 18 1 1 0 2
haar_y2
-8.613119e-005 0 -1
5.102271e-001 -7.230158e-001 
1
2
10 11 4 3 0 -1
10 12 4 1 0 3
haar_y3
3.548921e-004 0 -1
-6.437723e-001 4.754418e-001 
1
2
1 4 7 14 0 -1
1 11 7 7 0 2
haar_y2
1.866927e-003 0 -1
-8.721506e-001 3.041136e-001 
-1.251557e+000

8
-1
