5
1
2
0 1 24 9 0 -1
8 4 8 3 0 9
haar_point
3.444117e-001 0 -1
-5.637391e-001 8.257304e-001 
1
3
16 8 8 6 0 -1
20 8 4 3 0 2
16 11 4 3 0 2
haar_x2_y2
1.395099e-002 0 -1
-2.340818e-001 6.167080e-001 
1
3
0 8 8 6 0 -1
0 8 4 3 0 2
4 11 4 3 0 2
haar_x2_y2
1.521007e-002 0 -1
-4.956556e-001 7.489302e-001 
1
2
0 7 24 17 0 -1
6 7 12 17 0 2
haar_x4
1.796776e-001 0 -1
-5.486581e-001 6.275250e-001 
1
2
6 19 12 4 0 -1
6 21 12 2 0 2
haar_y2
3.519976e-003 0 -1
-7.438726e-001 4.992498e-001 
-1.342885e+000

4
-1
