7
1
3
2 18 8 4 0 -1
2 18 4 2 0 2
6 20 4 2 0 2
haar_x2_y2
3.823143e-003 0 -1
-5.983143e-001 5.072508e-001 
1
2
12 1 9 8 0 -1
12 3 9 4 0 2
haar_y4
1.000439e-002 0 -1
-6.659786e-001 2.373388e-001 
1
2
0 0 4 22 0 -1
2 0 2 22 0 2
haar_x2
3.100459e-002 0 -1
-5.417728e-001 5.034842e-001 
1
3
12 7 8 8 0 -1
16 7 4 4 0 2
12 11 4 4 0 2
haar_x2_y2
-1.290410e-002 0 -1
4.061393e-001 -3.259829e-001 
1
2
8 23 4 1 0 -1
10 23 2 1 0 2
haar_x2
2.162734e-004 0 -1
-6.093811e-001 4.172280e-001 
1
2
13 7 10 4 0 -1
13 8 10 2 0 2
haar_y4
-5.883820e-003 0 -1
1.997655e-001 -5.596961e-001 
1
2
1 0 10 3 0 -1
6 0 5 3 0 2
haar_x2
3.077065e-002 0 -1
-3.782281e-001 7.046485e-001 
-1.569868e+000

8
-1
