6
1
2
4 9 16 1 0 -1
8 9 8 1 0 2
haar_x4
1.431356e-002 0 -1
-4.716982e-001 6.673462e-001 
1
2
19 16 4 4 0 -1
20 17 2 4 0 2
tilted_haar_y4
2.760926e-003 0 -1
-3.055857e-001 3.768211e-001 
1
2
5 16 4 4 0 -1
4 17 4 2 0 2
tilted_haar_y4
3.915042e-003 0 -1
-5.805821e-001 4.925264e-001 
1
2
17 10 6 3 0 -1
17 11 6 1 0 3
haar_y3
4.935796e-004 0 -1
-6.889541e-001 2.885926e-001 
1
2
1 0 22 2 0 -1
1 1 22 1 0 2
haar_y2
4.080776e-003 0 -1
-6.993221e-001 3.900387e-001 
1
2
16 11 8 7 0 -1
16 11 4 7 0 2
haar_x2
9.760248e-003 0 -1
-3.679006e-001 2.129891e-001 
-1.342275e+000

7
-1
