8
1
3
0 3 8 10 0 -1
0 3 4 5 0 2
4 8 4 5 0 2
haar_x2_y2
-1.854313e-002 0 -1
5.756945e-001 -5.287061e-001 
1
2
5 16 14 3 0 -1
5 17 14 1 0 3
haar_y3
7.353387e-003 0 -1
-3.742414e-001 7.649118e-001 
1
2
4 13 1 2 0 -1
4 13 1 1 0 2
tilted_haar_y2
1.529341e-004 0 -1
-8.353847e-001 3.454376e-001 
1
2
12 20 1 4 0 -1
12 22 1 2 0 2
haar_y2
5.677177e-004 0 -1
-7.161253e-001 2.555795e-001 
1
2
5 6 12 4 0 -1
8 6 6 4 0 2
haar_x4
2.220331e-002 0 -1
-6.072461e-001 6.366225e-001 
1
2
8 1 8 8 0 -1
8 3 8 4 0 2
haar_y4
4.289092e-003 0 -1
-9.306607e-001 4.427788e-001 
1
2
10 1 5 2 0 -1
10 1 5 1 0 2
tilted_haar_y2
7.123596e-004 0 -1
-9.115434e-001 4.646219e-001 
1
2
0 16 24 8 0 -1
0 20 24 4 0 2
haar_y2
-2.163458e-004 0 -1
5.447181e-001 -9.626194e-001 
-1.040817e+000

12
-1
