20
1
2
0 0 4 5 0 -1
2 0 2 5 0 2
haar_x2
1.143693e-002 0 -1
-4.503322e-001 4.857136e-001 
1
3
18 8 6 6 0 -1
21 8 3 3 0 2
18 11 3 3 0 2
haar_x2_y2
9.857982e-003 0 -1
-2.806894e-001 4.830733e-001 
1
3
3 21 12 2 0 -1
3 21 6 1 0 2
9 22 6 1 0 2
haar_x2_y2
1.676332e-003 0 -1
-5.195528e-001 4.593909e-001 
1
2
18 6 3 4 0 -1
17 7 3 2 0 2
tilted_haar_x4
8.652317e-003 0 -1
-3.047888e-001 5.927109e-001 
1
2
5 8 14 4 0 -1
5 10 14 2 0 2
haar_y2
1.365249e-002 0 -1
-8.962436e-001 4.437553e-001 
1
2
8 0 12 4 0 -1
11 0 6 4 0 2
haar_x4
4.191148e-004 0 -1
-8.287064e-001 7.475854e-002 
1
2
0 1 4 5 0 -1
2 1 2 5 0 2
haar_x2
3.244077e-004 0 -1
-9.308354e-001 3.202053e-001 
1
2
0 12 24 3 0 -1
0 13 24 1 0 3
haar_y3
1.262556e-003 0 -1
-9.161198e-001 2.301356e-001 
1
2
4 10 1 4 0 -1
4 10 1 2 0 2
tilted_haar_y2
7.856269e-004 0 -1
-9.238664e-001 4.830901e-001 
1
2
8 2 12 1 0 -1
11 2 6 1 0 2
haar_x4
-6.336129e-005 0 -1
6.262441e-001 -8.479131e-001 
1
2
2 2 20 3 0 -1
7 2 10 3 0 2
haar_x4
2.764348e-004 0 -1
-9.172584e-001 7.453999e-001 
1
2
17 15 7 2 0 -1
17 16 7 1 0 2
haar_y2
-3.062317e-005 0 -1
3.549391e-001 -9.153774e-001 
1
2
7 12 6 12 0 -1
9 16 2 4 0 9
haar_point
-4.253175e-003 0 -1
4.104910e-001 -9.341672e-001 
1
2
2 16 22 7 0 -1
2 16 11 7 0 2
haar_x2
-3.660867e-002 0 -1
5.045158e-001 -4.991289e-001 
1
3
2 18 4 2 0 -1
2 18 2 1 0 2
4 19 2 1 0 2
haar_x2_y2
1.687689e-004 0 -1
-5.535544e-001 6.608350e-001 
1
2
4 1 16 20 0 -1
8 1 8 20 0 2
haar_x4
1.220911e-002 0 -1
-7.946965e-001 5.060675e-001 
1
2
1 5 11 12 0 -1
1 11 11 6 0 2
haar_y2
2.302431e-003 0 -1
-9.596654e-001 2.540669e-001 
1
2
12 1 10 12 0 -1
8 5 10 4 0 3
tilted_haar_x3
-8.597987e-004 0 -1
1.439008e-001 -8.414058e-001 
1
3
2 5 20 12 0 -1
2 5 10 6 0 2
12 11 10 6 0 2
haar_x2_y2
1.732940e-003 0 -1
-7.383073e-001 7.223558e-001 
1
2
4 21 17 3 0 -1
4 22 17 1 0 3
haar_y3
2.695253e-003 0 -1
-8.087502e-001 7.016917e-001 
-1.805875e+000

9
-1
