10
1
2
0 23 24 1 0 -1
8 23 8 1 0 3
haar_x3
4.358614e-002 0 -1
-4.878465e-001 5.626184e-001 
1
2
2 9 20 4 0 -1
2 11 20 2 0 2
haar_y2
5.140204e-002 0 -1
-7.890799e-001 3.480878e-001 
1
2
0 0 16 2 0 -1
8 0 8 2 0 2
haar_x2
7.205285e-003 0 -1
-7.378380e-001 2.814054e-001 
1
2
19 10 4 4 0 -1
19 11 4 2 0 2
haar_y4
8.061624e-005 0 -1
-8.233516e-001 1.639375e-001 
1
3
6 8 6 8 0 -1
6 8 3 4 0 2
9 12 3 4 0 2
haar_x2_y2
-8.188023e-003 0 -1
4.481753e-001 -6.494558e-001 
1
2
19 10 4 4 0 -1
19 11 4 2 0 2
haar_y4
8.061624e-005 0 -1
-5.105180e-001 7.318993e-002 
1
2
0 10 3 4 0 -1
0 11 3 2 0 2
haar_y4
3.154849e-005 0 -1
-6.989602e-001 3.642808e-001 
1
2
21 0 2 12 0 -1
21 0 1 12 0 2
haar_x2
1.364896e-003 0 -1
-5.654620e-001 2.259392e-001 
1
2
6 11 12 4 0 -1
6 12 12 2 0 2
haar_y4
3.196796e-003 0 -1
-7.412967e-001 3.831542e-001 
1
2
7 18 10 6 0 -1
7 21 10 3 0 2
haar_y2
1.810819e-003 0 -1
-8.688698e-001 3.630702e-001 
-1.229418e+000

13
-1
