11
1
2
3 8 18 2 0 -1
9 8 6 2 0 3
haar_x3
2.229147e-002 0 -1
-4.232177e-001 7.688800e-001 
1
3
14 17 8 6 0 -1
18 17 4 3 0 2
14 20 4 3 0 2
haar_x2_y2
1.707709e-002 0 -1
-1.929376e-001 4.869652e-001 
1
2
0 3 6 2 0 -1
3 3 3 2 0 2
haar_x2
2.148777e-004 0 -1
-8.158280e-001 2.599176e-001 
1
2
5 17 14 3 0 -1
5 18 14 1 0 3
haar_y3
-1.039993e-002 0 -1
5.918838e-001 -4.881830e-001 
1
2
3 19 2 4 0 -1
3 21 2 2 0 2
haar_y2
-1.734139e-003 0 -1
5.493625e-001 -4.209329e-001 
1
2
0 10 24 4 0 -1
0 11 24 2 0 2
haar_y4
1.216904e-002 0 -1
-4.205868e-001 4.582410e-001 
1
2
0 0 16 8 0 -1
8 0 8 8 0 2
haar_x2
3.604687e-002 0 -1
-6.176770e-001 3.083678e-001 
1
2
4 1 17 10 0 -1
4 6 17 5 0 2
haar_y2
-9.098294e-002 0 -1
2.929959e-001 -6.622549e-001 
1
2
8 11 3 12 0 -1
8 14 3 6 0 2
haar_y4
-7.019644e-004 0 -1
3.578090e-001 -6.258051e-001 
1
2
18 20 4 2 0 -1
18 20 2 2 0 2
haar_x2
6.836435e-004 0 -1
-3.814979e-001 3.005875e-001 
1
2
2 20 4 2 0 -1
4 20 2 2 0 2
haar_x2
1.314190e-003 0 -1
-4.427247e-001 4.805666e-001 
-1.501755e+000

7
-1
