9
1
2
0 0 24 4 0 -1
6 0 12 4 0 2
haar_x4
9.972386e-002 0 -1
-4.062500e-001 7.647017e-001 
1
2
0 4 24 9 0 -1
0 7 24 3 0 3
haar_y3
-1.709476e-001 0 -1
4.420070e-001 -5.470735e-001 
1
2
2 10 1 2 0 -1
2 10 1 1 0 2
tilted_haar_y2
3.366906e-004 0 -1
-4.893503e-001 4.353549e-001 
1
3
20 0 4 12 0 -1
22 0 2 6 0 2
20 6 2 6 0 2
haar_x2_y2
-6.856691e-003 0 -1
4.243820e-001 -5.091776e-001 
1
3
0 0 4 12 0 -1
0 0 2 6 0 2
2 6 2 6 0 2
haar_x2_y2
-1.164183e-002 0 -1
5.450841e-001 -3.898435e-001 
1
2
19 18 3 4 0 -1
19 20 3 2 0 2
haar_y2
-2.916853e-004 0 -1
1.719344e-001 -2.721002e-001 
1
2
5 16 14 3 0 -1
5 17 14 1 0 3
haar_y3
7.564114e-003 0 -1
-3.380582e-001 6.415794e-001 
1
2
19 20 4 2 0 -1
19 21 4 1 0 2
haar_y2
-4.569320e-005 0 -1
2.396858e-001 -2.889904e-001 
1
3
3 18 14 6 0 -1
3 18 7 3 0 2
10 21 7 3 0 2
haar_x2_y2
1.150550e-003 0 -1
-5.757494e-001 3.300641e-001 
-1.266679e+000

6
-1
