6
1
2
0 0 24 9 0 -1
8 3 8 3 0 9
haar_point
2.608047e-001 0 -1
-6.066976e-001 7.051390e-001 
1
2
2 12 21 8 0 -1
2 16 21 4 0 2
haar_y2
-1.633913e-002 0 -1
5.367168e-001 -7.306634e-001 
1
2
7 2 3 8 0 -1
7 6 3 4 0 2
haar_y2
-2.413343e-002 0 -1
6.543914e-001 -4.688441e-001 
1
3
13 15 10 8 0 -1
18 15 5 4 0 2
13 19 5 4 0 2
haar_x2_y2
6.331471e-003 0 -1
-4.125211e-001 4.220506e-001 
1
3
1 15 8 8 0 -1
1 15 4 4 0 2
5 19 4 4 0 2
haar_x2_y2
4.834373e-003 0 -1
-5.291008e-001 4.322826e-001 
1
3
18 0 6 12 0 -1
21 0 3 6 0 2
18 6 3 6 0 2
haar_x2_y2
-2.039197e-002 0 -1
5.466438e-001 -2.717507e-001 
-1.223623e+000

2
-1
