9
1
2
0 0 24 24 0 -1
6 0 12 24 0 2
haar_x4
3.628838e-001 0 -1
-5.286927e-001 5.634353e-001 
1
2
17 9 4 8 0 -1
17 11 4 4 0 2
haar_y4
2.412699e-002 0 -1
-5.197086e-001 4.643660e-001 
1
2
3 9 4 6 0 -1
3 11 4 2 0 3
haar_y3
8.754265e-003 0 -1
-6.699019e-001 4.148420e-001 
1
2
0 22 24 2 0 -1
6 22 12 2 0 2
haar_x4
6.432313e-002 0 -1
-4.483715e-001 5.408870e-001 
1
2
3 2 10 8 0 -1
3 4 10 4 0 2
haar_y4
1.258503e-002 0 -1
-6.270736e-001 3.805459e-001 
1
2
15 4 5 12 0 -1
15 4 5 6 0 2
tilted_haar_x2
3.439763e-002 0 -1
9.813850e-002 -4.221696e-001 
1
2
9 4 12 5 0 -1
9 4 6 5 0 2
tilted_haar_x2
-8.272780e-003 0 -1
2.709297e-001 -6.721106e-001 
1
2
15 7 6 4 0 -1
14 8 6 2 0 2
tilted_haar_x4
1.444101e-003 0 -1
-3.071443e-001 2.543387e-001 
1
2
10 2 3 5 0 -1
11 2 1 5 0 3
haar_x3
-1.873970e-003 0 -1
-9.647717e-001 1.654879e-001 
-1.089767e+000

9
-1
