7
1
2
0 4 2 17 0 -1
1 4 1 17 0 2
haar_x2
9.875601e-003 0 -1
-4.960923e-001 6.522056e-001 
1
3
17 3 6 8 0 -1
20 3 3 4 0 2
17 7 3 4 0 2
haar_x2_y2
-9.580065e-003 0 -1
3.873506e-001 -4.191769e-001 
1
3
0 9 8 4 0 -1
0 9 4 2 0 2
4 11 4 2 0 2
haar_x2_y2
8.972249e-003 0 -1
-4.822713e-001 4.749604e-001 
1
2
0 0 24 13 0 -1
6 0 12 13 0 2
haar_x4
1.650283e-001 0 -1
-5.950147e-001 3.512116e-001 
1
2
3 20 4 4 0 -1
3 22 4 2 0 2
haar_y2
-3.008357e-003 0 -1
4.128027e-001 -5.281215e-001 
1
2
12 10 11 3 0 -1
12 11 11 1 0 3
haar_y3
1.169171e-003 0 -1
-6.582401e-001 2.345623e-001 
1
2
2 12 20 3 0 -1
2 13 20 1 0 3
haar_y3
8.000075e-004 0 -1
-7.885463e-001 2.692942e-001 
-1.059589e+000

11
-1
