7
1
2
1 8 22 9 0 -1
1 11 22 3 0 3
haar_y3
9.850350e-002 0 -1
-6.818638e-001 8.953761e-001 
1
2
8 2 13 8 0 -1
8 6 13 4 0 2
haar_y2
-5.075512e-002 0 -1
7.106386e-001 -5.663798e-001 
1
2
3 3 3 21 0 -1
3 10 3 7 0 3
haar_y3
4.433339e-002 0 -1
-4.509489e-001 7.327818e-001 
1
2
16 0 8 1 0 -1
16 0 4 1 0 2
haar_x2
2.951914e-003 0 -1
-3.721938e-001 6.015242e-001 
1
2
0 3 2 20 0 -1
1 3 1 20 0 2
haar_x2
6.009165e-003 0 -1
-5.341492e-001 5.840232e-001 
1
2
16 13 3 8 0 -1
16 17 3 4 0 2
haar_y2
-1.923859e-003 0 -1
2.883154e-001 -2.981856e-001 
1
2
10 0 2 2 0 -1
10 1 2 1 0 2
haar_y2
1.700430e-004 0 -1
-5.229238e-001 5.446079e-001 
-1.240941e+000

0
-1
