6
1
2
4 8 16 2 0 -1
8 8 8 2 0 2
haar_x4
3.008342e-002 0 -1
-4.561287e-001 8.404641e-001 
1
2
0 0 24 7 0 -1
6 0 12 7 0 2
haar_x4
1.231719e-001 0 -1
-5.723786e-001 6.149248e-001 
1
2
2 6 8 15 0 -1
2 11 8 5 0 3
haar_y3
6.639575e-002 0 -1
-8.142578e-001 4.268503e-001 
1
2
16 2 5 8 0 -1
16 4 5 4 0 2
haar_y4
1.556427e-002 0 -1
-3.355512e-001 3.499064e-001 
1
2
0 0 2 24 0 -1
1 0 1 24 0 2
haar_x2
5.355489e-003 0 -1
-5.668257e-001 4.541586e-001 
1
2
2 11 21 4 0 -1
2 12 21 2 0 2
haar_y4
5.425468e-003 0 -1
-7.065775e-001 3.484325e-001 
-1.209406e+000

6
-1
