7
1
3
5 9 6 6 0 -1
5 9 3 3 0 2
8 12 3 3 0 2
haar_x2_y2
-5.832198e-003 0 -1
5.899275e-001 -5.394743e-001 
1
2
2 22 20 2 0 -1
7 22 10 2 0 2
haar_x4
2.152067e-002 0 -1
-6.878055e-001 4.403187e-001 
1
2
0 2 24 1 0 -1
6 2 12 1 0 2
haar_x4
3.632253e-002 0 -1
-3.459731e-001 7.873921e-001 
1
2
7 12 10 12 0 -1
7 15 10 6 0 2
haar_y4
-8.463956e-003 0 -1
3.184965e-001 -8.951380e-001 
1
2
0 9 16 4 0 -1
0 10 16 2 0 2
haar_y4
7.729629e-003 0 -1
-5.072985e-001 4.491267e-001 
1
3
20 0 2 14 0 -1
21 0 1 7 0 2
20 7 1 7 0 2
haar_x2_y2
-1.672521e-003 0 -1
4.044957e-001 -3.649694e-001 
1
2
5 15 3 2 0 -1
5 16 3 1 0 2
haar_y2
-2.990996e-004 0 -1
4.144098e-001 -5.849002e-001 
-1.028660e+000

10
-1
