7
1
2
0 8 24 4 0 -1
0 10 24 2 0 2
haar_y2
3.547582e-002 0 -1
-7.608315e-001 5.498431e-001 
1
2
12 22 8 2 0 -1
12 22 4 2 0 2
haar_x2
5.087352e-003 0 -1
-5.068440e-001 6.217384e-001 
1
3
0 2 8 8 0 -1
0 2 4 4 0 2
4 6 4 4 0 2
haar_x2_y2
-1.512715e-002 0 -1
6.756546e-001 -5.242368e-001 
1
2
12 22 8 2 0 -1
12 22 4 2 0 2
haar_x2
-2.072277e-002 0 -1
-1.000000e+000 5.551248e-002 
1
2
4 22 8 2 0 -1
8 22 4 2 0 2
haar_x2
4.091847e-003 0 -1
-5.694692e-001 5.978354e-001 
1
2
12 11 2 2 0 -1
12 11 1 2 0 2
tilted_haar_y2
5.406899e-004 0 -1
-1.966006e-001 2.368767e-001 
1
2
9 11 4 2 0 -1
11 11 2 2 0 2
haar_x2
1.237863e-003 0 -1
-4.547118e-001 7.008251e-001 
-1.395122e+000

1
-1
