21
1
2
11 0 8 1 0 -1
13 2 4 1 0 2
tilted_haar_x4
2.979184e-003 0 -1
-7.479573e-001 4.196872e-001 
1
2
22 0 2 11 0 -1
22 0 1 11 0 2
haar_x2
1.394011e-003 0 -1
-6.992266e-001 4.371068e-001 
1
2
1 3 2 2 0 -1
2 3 1 2 0 2
haar_x2
2.142497e-005 0 -1
-8.795484e-001 3.409140e-001 
1
2
14 22 5 2 0 -1
14 23 5 1 0 2
haar_y2
-4.866378e-005 0 -1
1.327174e-001 -7.632380e-001 
1
3
3 22 16 2 0 -1
3 22 8 1 0 2
11 23 8 1 0 2
haar_x2_y2
3.937972e-004 0 -1
-6.456063e-001 6.428143e-001 
1
2
17 11 3 1 0 -1
18 12 1 1 0 3
tilted_haar_y3
2.346360e-004 0 -1
-6.666610e-001 4.419057e-001 
1
2
7 0 3 4 0 -1
7 0 3 2 0 2
tilted_haar_y2
3.311711e-004 0 -1
-9.404043e-001 4.573730e-001 
1
2
9 9 6 2 0 -1
9 10 6 1 0 2
haar_y2
1.947441e-004 0 -1
-9.757341e-001 2.443206e-001 
1
2
3 9 14 15 0 -1
10 9 7 15 0 2
haar_x2
2.672846e-002 0 -1
-9.334711e-001 4.356727e-001 
1
2
16 4 3 4 0 -1
16 6 3 2 0 2
haar_y2
-2.308129e-003 0 -1
3.464572e-001 -9.597687e-001 
1
2
4 0 2 1 0 -1
4 0 1 1 0 2
tilted_haar_x2
-3.531692e-005 0 -1
5.143442e-001 -9.017603e-001 
1
2
17 6 5 3 0 -1
16 7 5 1 0 3
tilted_haar_x3
-5.785049e-004 0 -1
2.048288e-001 -6.730161e-001 
1
2
6 11 10 5 0 -1
11 11 5 5 0 2
haar_x2
-5.691738e-005 0 -1
6.788023e-001 -6.938790e-001 
1
3
7 2 12 10 0 -1
13 2 6 5 0 2
7 7 6 5 0 2
haar_x2_y2
-2.733362e-003 0 -1
2.826256e-001 -2.637536e-001 
1
2
0 4 22 2 0 -1
0 5 22 1 0 2
haar_y2
7.699395e-004 0 -1
-3.552561e-001 8.637538e-001 
1
2
13 6 6 3 0 -1
15 6 2 3 0 3
haar_x3
-1.228915e-004 0 -1
2.499747e-001 -5.066453e-001 
1
3
0 3 6 6 0 -1
0 3 3 3 0 2
3 6 3 3 0 2
haar_x2_y2
-1.229233e-003 0 -1
5.293474e-001 -7.259979e-001 
1
2
11 7 9 2 0 -1
14 7 3 2 0 3
haar_x3
9.318611e-003 0 -1
-2.669895e-001 7.017111e-001 
1
2
1 13 15 3 0 -1
6 14 5 1 0 9
haar_point
-4.060839e-003 0 -1
7.009604e-001 -6.278196e-001 
1
2
17 22 4 1 0 -1
17 22 2 1 0 2
haar_x2
2.031020e-005 0 -1
-4.049539e-001 3.592691e-001 
1
2
6 13 9 8 0 -1
6 17 9 4 0 2
haar_y2
-2.549972e-004 0 -1
3.409036e-001 -8.923283e-001 
-1.055381e+000

13
-1
