17
1
2
6 5 12 5 0 -1
9 5 6 5 0 2
haar_x4
2.965537e-002 0 -1
-3.568645e-001 6.816996e-001 
1
2
0 0 24 2 0 -1
6 0 12 2 0 2
haar_x4
4.157512e-002 0 -1
-4.979122e-001 4.908254e-001 
1
3
0 22 8 2 0 -1
0 22 4 1 0 2
4 23 4 1 0 2
haar_x2_y2
-1.513083e-004 0 -1
3.866838e-001 -6.487315e-001 
1
2
9 5 8 9 0 -1
11 5 4 9 0 2
haar_x4
-1.124020e-002 0 -1
5.133643e-001 -2.665096e-001 
1
2
2 13 8 3 0 -1
4 13 4 3 0 2
haar_x4
1.677837e-003 0 -1
-3.894787e-001 5.721635e-001 
1
2
3 3 19 12 0 -1
3 6 19 6 0 2
haar_y4
-1.094998e-001 0 -1
3.302939e-001 -6.341965e-001 
1
2
0 8 24 6 0 -1
8 10 8 2 0 9
haar_point
2.994159e-005 0 -1
-7.093976e-001 3.218663e-001 
1
2
17 20 5 2 0 -1
17 21 5 1 0 2
haar_y2
-3.266110e-004 0 -1
3.179712e-001 -5.191426e-001 
1
2
3 4 12 8 0 -1
7 4 4 8 0 3
haar_x3
-2.722796e-002 0 -1
6.536113e-001 -3.301704e-001 
1
2
8 7 12 2 0 -1
11 7 6 2 0 2
haar_x4
-1.069450e-002 0 -1
6.536434e-001 -8.079540e-002 
1
2
4 0 2 3 0 -1
5 0 1 3 0 2
haar_x2
4.130786e-005 0 -1
-5.029290e-001 3.617011e-001 
1
2
2 10 22 6 0 -1
2 12 22 2 0 3
haar_y3
3.377099e-002 0 -1
-5.191119e-001 3.272027e-001 
1
2
6 2 15 6 0 -1
4 4 15 2 0 3
tilted_haar_y3
-2.702757e-002 0 -1
4.189030e-001 -5.344984e-001 
1
2
22 5 2 1 0 -1
22 5 1 1 0 2
haar_x2
3.357567e-005 0 -1
-5.136886e-001 3.760967e-001 
1
2
0 6 1 9 0 -1
0 9 1 3 0 3
haar_y3
2.776481e-004 0 -1
-6.945819e-001 2.786078e-001 
1
3
6 17 14 2 0 -1
13 17 7 1 0 2
6 18 7 1 0 2
haar_x2_y2
1.211219e-003 0 -1
-4.487488e-001 3.234874e-001 
1
2
1 12 8 4 0 -1
1 14 8 2 0 2
haar_y2
-2.387611e-004 0 -1
4.270638e-001 -7.528546e-001 
-1.521531e+000

11
-1
